0.9137564309378815,58,1
2.7,3.9,2.0,
0.9137564309378815,64,1
3.1,4.4,2.0,
0.9137564309378815,80,1
2.4,3.7,2.0,
0.9137564309378815,81,1
2.7,3.9,2.0,
0.9137564309378815,84,1
3.4,4.5,2.0,
0.9137564309378815,95,1
2.9,4.2,2.0,
0.9137564309378815,102,1
2.9,5.6,3.0,
0.9137564309378815,106,1
2.9,6.3,3.0,
0.9137564309378815,109,1
3.2,5.1,3.0,
0.9137564309378815,117,1
2.6,6.9,3.0,
0.9137564309378815,130,1
3.8,6.4,3.0,
0.9137564309378815,133,1
2.6,5.6,3.0,
0.9137564309378815,49,1
3.2,4.7,2.0,
0.9137564309378815,50,1
3.2,4.5,2.0,
0.9137564309378815,51,1
3.1,4.9,2.0,
0.9137564309378815,52,1
2.3,4.0,2.0,
0.9137564309378815,53,1
2.8,4.6,2.0,
0.9137564309378815,54,1
2.8,4.5,2.0,
0.9137564309378815,55,1
3.3,4.7,2.0,
0.9137564309378815,56,1
2.4,3.3,2.0,
0.9137564309378815,57,1
2.9,4.6,2.0,
0.9137564309378815,59,1
2.0,3.5,2.0,
0.9137564309378815,60,1
3.0,4.2,2.0,
0.9137564309378815,61,1
2.2,4.0,2.0,
0.9137564309378815,62,1
2.9,4.7,2.0,
0.9137564309378815,63,1
2.9,3.6,2.0,
0.9137564309378815,65,1
3.0,4.5,2.0,
0.9137564309378815,66,1
2.7,4.1,2.0,
0.9137564309378815,67,1
2.2,4.5,2.0,
0.9137564309378815,68,1
2.5,3.9,2.0,
0.9137564309378815,69,1
3.2,4.8,2.0,
0.9137564309378815,70,1
2.8,4.0,2.0,
0.9137564309378815,71,1
2.5,4.9,2.0,
0.9137564309378815,72,1
2.8,4.7,2.0,
0.9137564309378815,73,1
2.9,4.3,2.0,
0.9137564309378815,74,1
3.0,4.4,2.0,
0.9137564309378815,75,1
2.8,4.8,2.0,
0.9137564309378815,76,1
3.0,5.0,2.0,
0.9137564309378815,77,1
2.9,4.5,2.0,
0.9137564309378815,78,1
2.6,3.5,2.0,
0.9137564309378815,79,1
2.4,3.8,2.0,
0.9137564309378815,82,1
2.7,5.1,2.0,
0.9137564309378815,83,1
3.0,4.5,2.0,
0.9137564309378815,85,1
3.1,4.7,2.0,
0.9137564309378815,86,1
2.3,4.4,2.0,
0.9137564309378815,87,1
3.0,4.1,2.0,
0.9137564309378815,88,1
2.5,4.0,2.0,
0.9137564309378815,89,1
2.6,4.4,2.0,
0.9137564309378815,90,1
3.0,4.6,2.0,
0.9137564309378815,91,1
2.6,4.0,2.0,
0.9137564309378815,92,1
2.3,3.3,2.0,
0.9137564309378815,93,1
2.7,4.2,2.0,
0.9137564309378815,94,1
3.0,4.2,2.0,
0.9137564309378815,96,1
2.9,4.3,2.0,
0.9137564309378815,97,1
2.5,3.0,2.0,
0.9137564309378815,98,1
2.8,4.1,2.0,
0.9137564309378815,99,1
3.3,6.0,3.0,
0.9137564309378815,100,1
2.7,5.1,3.0,
0.9137564309378815,101,1
3.0,5.9,3.0,
0.9137564309378815,103,1
3.0,5.8,3.0,
0.9137564309378815,104,1
3.0,6.6,3.0,
0.9137564309378815,105,1
2.5,4.5,3.0,
0.9137564309378815,107,1
2.5,5.8,3.0,
0.9137564309378815,108,1
3.6,6.1,3.0,
0.9137564309378815,110,1
2.7,5.3,3.0,
0.9137564309378815,111,1
3.0,5.5,3.0,
0.9137564309378815,112,1
2.5,5.0,3.0,
0.9137564309378815,113,1
2.8,5.1,3.0,
0.9137564309378815,114,1
3.2,5.3,3.0,
0.9137564309378815,115,1
3.0,5.5,3.0,
0.9137564309378815,116,1
3.8,6.7,3.0,
0.9137564309378815,118,1
2.2,5.0,3.0,
0.9137564309378815,119,1
3.2,5.7,3.0,
0.9137564309378815,120,1
2.8,4.9,3.0,
0.9137564309378815,121,1
2.8,6.7,3.0,
0.9137564309378815,122,1
2.7,4.9,3.0,
0.9137564309378815,123,1
3.3,5.7,3.0,
0.9137564309378815,124,1
3.2,6.0,3.0,
0.9137564309378815,125,1
2.8,4.8,3.0,
0.9137564309378815,126,1
3.0,4.9,3.0,
0.9137564309378815,127,1
2.8,5.6,3.0,
0.9137564309378815,128,1
3.0,5.8,3.0,
0.9137564309378815,129,1
2.8,6.1,3.0,
0.9137564309378815,131,1
2.8,5.6,3.0,
0.9137564309378815,132,1
2.8,5.1,3.0,
0.9137564309378815,134,1
3.0,6.1,3.0,
0.9137564309378815,135,1
3.4,5.6,3.0,
0.9137564309378815,136,1
3.1,5.5,3.0,
0.9137564309378815,137,1
3.0,4.8,3.0,
0.9137564309378815,138,1
3.1,5.4,3.0,
0.9137564309378815,139,1
3.1,5.6,3.0,
0.9137564309378815,140,1
3.1,5.1,3.0,
0.9137564309378815,141,1
2.7,5.1,3.0,
0.9137564309378815,142,1
3.2,5.9,3.0,
0.9137564309378815,143,1
3.3,5.7,3.0,
0.9137564309378815,144,1
3.0,5.2,3.0,
0.9137564309378815,145,1
2.5,5.0,3.0,
0.9137564309378815,146,1
3.0,5.2,3.0,
0.9137564309378815,147,1
3.4,5.4,3.0,
0.9137564309378815,148,1
3.0,5.1,3.0,
0.9137564309378815,23,0
4.8,3.4,1.9,1.0,
0.9137564309378815,2,0
4.6,3.1,1.5,1.0,
0.9137564309378815,28,0
4.7,3.2,1.6,1.0,
0.9137564309378815,35,0
5.5,3.5,1.3,1.0,
0.9137564309378815,17,0
5.7,3.8,1.7,1.0,
0.9137564309378815,34,0
5.0,3.2,1.2,1.0,
0.9137564309378815,27,0
5.2,3.4,1.4,1.0,
0.9137564309378815,38,0
5.1,3.4,1.5,1.0,
0.9137564309378815,48,0
5.0,3.3,1.4,1.0,
0.9137564309378815,25,0
5.0,3.4,1.6,1.0,
0.9137564309378815,24,1
3.0,1.6,0.2,1.0,
0.9137564309378815,7,0
4.4,2.9,1.4,1.0,
0.9137564309378815,40,1
2.3,1.3,0.3,1.0,
0.9137564309378815,26,0
5.2,3.5,1.5,1.0,
0.9137564309378815,30,0
5.4,3.4,1.5,1.0,
0.9137564309378815,6,0
5.0,3.4,1.5,1.0,
0.9137564309378815,29,1
3.1,1.6,0.2,1.0,
0.9137564309378815,37,0
4.4,3.0,1.3,1.0,
0.9137564309378815,8,0
4.9,3.1,1.5,1.0,
0.9137564309378815,11,0
4.8,3.0,1.4,1.0,
0.9137564309378815,33,0
4.9,3.1,1.5,1.0,
0.9137564309378815,36,0
4.9,3.1,1.5,1.0,
0.9137564309378815,44,0
4.8,3.0,1.4,1.0,
0.9137564309378815,22,0
5.1,3.3,1.7,1.0,
0.9137564309378815,19,1
3.4,1.7,0.2,1.0,
0.9137564309378815,1,0
4.7,3.2,1.3,1.0,
0.9137564309378815,42,0
5.0,3.5,1.6,1.0,
0.9137564309378815,10,0
4.8,3.4,1.6,1.0,
0.9137564309378815,46,0
4.6,3.2,1.4,1.0,
0.9137564309378815,9,0
5.4,3.7,1.5,1.0,
0.9137564309378815,16,0
5.1,3.5,1.4,1.0,
0.9137564309378815,0,0
4.9,3.0,1.4,1.0,
0.9137564309378815,47,0
5.3,3.7,1.5,1.0,
0.9137564309378815,43,1
3.8,1.9,0.4,1.0,
0.9137564309378815,12,0
4.3,3.0,1.1,1.0,
0.9137564309378815,4,0
5.4,3.9,1.7,1.0,
0.9137564309378815,39,0
5.0,3.5,1.3,1.0,
0.9137564309378815,13,0
5.8,4.0,1.2,1.0,
0.9137564309378815,3,0
5.0,3.6,1.4,1.0,
0.9137564309378815,20,0
5.1,3.7,1.5,1.0,
0.9137564309378815,41,0
4.4,3.2,1.3,1.0,
0.9137564309378815,5,0
4.6,3.4,1.4,1.0,
0.9137564309378815,45,0
5.1,3.8,1.6,1.0,
0.9137564309378815,15,0
5.4,3.9,1.3,1.0,
0.9137564309378815,18,0
5.1,3.8,1.5,1.0,
0.9137564309378815,31,1
4.1,1.5,0.1,1.0,
0.9137564309378815,32,0
5.5,4.2,1.4,1.0,
0.9137564309378815,14,0
5.7,4.4,1.5,1.0,
0.9137564309378815,21,0
4.6,3.6,1.0,0.2,1.0,
